1	3	1.1-5
2	3	1.6-8
3	3	1.9-10
4	10	1.11-13
5	3	1.14
6	1	1.15
7	10	1.16-17
8	3	1.18
9	10	1.19-22
10	1	1.23
11	1	1.24-25
12	1	1.26-27
13	10	1.28-29
14	1	1.30-31
15	1	1.32-34
16	10	1.35-40
17	1	1.41-42
18	10	1.43-2.11
19	7	2.12
20	1	2.13
21	1	2.14-16
22	10	2.17
23	4	2.18
24	10	2.19-3.22
25	3	3.23
26	4	3.24
27	10	3.25-27
28	1	3.28
29	10	3.29-34
30	3	3.35
31	10	3.36-4.2
32	7	4.3
33	10	4.4-42
34	7	4.43
35	1	4.44
36	10	4.45-46A
37	3	4.46B-54
38	1	5.1-10
39	10	5.11-23A
40	1	5.23B
41	10	5.24-30A
42	1	5.30B
43	10	5.31-37A
44	3	5.37B
45	10	5.38-47
46	1	6.1-2
47	3	6.3
48	1	6.4
49	1	6.5-13
50	10	6.14-15A
51	4	6.15B-21
52	10	6.22-29
53	4	6.3
54	10	6.31-34
55	1	6.35A
56	10	6.35B-37
57	1	6.38
58	10	6.39-40
59	1	6.41-42
60	10	6.43-45
61	3	6.46
62	10	6.47
63	1	6.48
64	10	6.49-50
65	1	6.51
66	10	6.52-54
67	1	6.55
68	10	6.56-61
69	1	6.62
70	4	6.63A
71	10	6.63B-64A
72	4	6.64B
73	10	6.65-67
74	1	6.68-69
75	10	6.70-7.27
76	3	7.28-29
77	1	7.3
78	10	7.31-32A
79	1	7.32B
80	10	7.33
81	10	7.34-39
82	7	7.40-41A
83	7	7.41B-42
84	10	7.43
85	1	7.44
86	10	7.45-8.19A
87	3	8.19B
88	1	8.2
89	10	8.21-10.14
90	3	10.15A
91	4	10.15B
92	10	10.16-38
93	4	10.39-40
94	10	10.41-11.52
95	4	11.53-54
96	1	11.55A
97	10	11.55B-12.1
98	1,4	12.2-8
99	10	12.9-11
100	1	12.12-13
101	7	12.14-15
102	10	12.16-22
103	4	12.23
104	10	12.24
105	3	12.25
106	10	12.26A
107	4	12.26B-27A
108	10	12.27B-38
109	1	12.39-40
110	10	12.41-43
111	1	12.44-45
112	10	12.46-13.1
113	9	13.2
114	3	13.3A
115	10	13.3B-12
116	3	13.13
117	10	13.14-15
118	3	13.16-17
119	10	13.18-19
120	1	13.2
121	4	13.21
122	1	13.22
123	10	13.23-26A
124	10	13.26B-27A
125	10	13.27B-35
126	1	13.36-38
127	10	14.1-12
128	4	14.13-21A
129	1	14.21B
130	10	14.22-24A
131	1	14.24B-25
132	10	14.26-15.6
133	4	15.7
134	10	15.8-12
135	4	15.13
136	10	15.14-16A
137	4	15.16B
138	10	15.17-19
139	3	15.20A
140	10	15.20B
141	1	15.21A
142	3	15.21B
143	10	15.22
144	1	15.23
145	10	15.24-16.2A
146	1	16.2B-4A
147	10	16.4B-14
148	3	16.15A
149	10	16.15B-23A
150	4	16.23B-24
151	10	16.25-30
152	4	16.31-32
153	10	16.33-17.24
154	3	17.25A
155	10	17.25B-26
156	1	18.1
157	10	18.2
158	1	18.3
159	10	18.4-9
160	1	18.10-11AB
161	1	18.11C
162	1	18.12
163	10	18.13-14
164	4	18.15A
165	10	18.15B
166	1	18.16A
167	10	18.16B
168	1	18.17
169	10	18.18-19
170	1	18.2
171	10	18.21
172	1	18.22
173	10	18.23
174	1	18.24
175	1	18.25-27
176	1	18.28AB
177	10	18.28C-32
178	1	18.33
179	10	18.34-36
180	1	18.37A
181	10	18.37B-38A
182	9	18.38B
183	4	18.39
184	1	18.4
185	4	19.1-3
186	9	19.4
187	4	19.5
188	1	19.6A
189	10	19.6BC
190	9	19.6D
191	10	19.7
192	4	19.8-9
193	10	19.10-14
194	1	19.15A
195	10	19.15B
196	1	19.16
197	1	19.17-18A
198	1	19.18B
199	1	19.19
200	10	19.20-22
201	1	19.23-24B
202	10	19.24C (=19.25 NRSV) -27
203	4	19.28-30A
204	1	19.30B
205	10	19.31-37
206	1	19.38
207	10	19.39
208	1	19.40-42
209	1	20.1
210	10	20.2-10
211	1	20.11-12
212	10	20.13-18
213	9	20.19-20A
214	10	20.20B-22
215	7	20.23
216	10	20.24-25
217	9	20.26-27
218	10	20.28-31
219	9	21.1-6
220	10	21.7-8
221	9	21.9-10
222	9	21.11
223	9	21.12A
224	10	21.12B
225	9	21.13
226	10	21.14-15AB
227	9	21.15C
228	10	21.16AB
229	9	21.16C
230	10	21.17AB
231	9	21.17C
232	10	21.18-25