1	1	1.1-34
2	5	1.35
3	10	1.36-2.46
4	2	2.47-48A
5	10	2.48B-52
6	3	3.1-2
7	1	3.3-6
8	5	3.7-9
9	10	3.10-16A
10	1	3.16B-E
11	5	3.17-18
12	2	3.19-20
13	1	3.21-22
14	3	3.23-38
15	2	4.1-2A
16	5	4.2B-13
17	1	4.14-15
18	10	4.16-21
19	1	4.22
20	10	4.23
21	1	4.24
22	10	4.25-30
23	8	4.31
24	2	4.32
25	8	4.33-37
26	2	4.38-40
27	8	4.41
28	8	4.42-44
29	10	5.1-3
30	9	5.4-7
31	10	5.8-10A
32	2	5.10B-11
33	2	5.12-14
34	1	5.15
35	2	5.16
36	2	5.17
37	1	5.18-26
38	2	5.27-28
39	2	5.29-30
40	2	5.31-39
41	2	6.1-5
42	2	6.6-11
43	2	6.12
44	2	6.13-16
45	1	6.17-19
46	5	6.2
47	5	6.21A
48	5	6.21B
49	5	6.22-23
50	10	6.24-25
51	10	6.26
52	5	6.27-28
53	5	6.29-30
54	5	6.31
55	5	6.32-35
56	2	6.36-38
57	5	6.39
58	3	6.4
59	5	6.41-42
60	5	6.43-44A
61	5	6.44B
62	5	6.45
63	3	6.46
64	5	6.47-49
65	3	7.1-9
66	5	7.1
67	10	7.11-16
68	10	7.17
69	5	7.18-26
70	2	7.27
71	5	7.28
72	10	7.29-30
73	5	7.31-35
74	1	7.36-50
75	10	8.1-3
76	2	8.4-10A
77	1	8.10B
78	2	8.11-15
79	2	8.16
80	2	8.17
81	5	8.18
82	2	8.19-21
83	2	8.22-37A
84	8	8.37B-39
85	2	8.40-56
86	2	9.1-2
87	2	9.3-4
88	2	9.5
89	8	9.6
90	2	9.7-9
91	8	9.10A
92	3	9.10B-11
93	1	9.12-17
94	1	9.18-20
95	2	9.21-22
96	2	9.23-25
97	2	9.26
98	2	9.27-36
99	2	9.37-42
100	8	9.43A
101	2	9.43B-45
102	2	9.46-48
103	8	9.49-50
104	10	9.51-56
105	5	9.57-60
106	10	9.61-62
107	10	10.1
108	5	10.2
109	5	10.3
110	2	10.4
111	5	10.5-6
112	2	10.7A
113	10	10.7B-9
114	2	10.10-12
115	5	10.13-15
116	1	10.16
117	10	10.17-20
118	5	10.21
119	3	10.22
120	5	10.23-24
121	2	10.25-28
122	10	10.29-42
123	5	11.1-4
124	10	11.5-8
125	5	11.9-13
126	5	11.14
127	2	11.15
128	5	11.16
129	2	11.17-23
130	5	11.24-26
131	10	11.27-28
132	5	11.29-32
133	2	11.33
134	5	11.34-36
135	5	11.37-41
136	5	11.42
137	2	11.43
138	5	11.44
139	5	11.45-46
140	5	11.47-48
141	5	11.49-51
142	5	11.52
143	10	11.53-12.1B
144	2	12.1C
145	5	12.2-8
146	2	12.9
147	2	12.1
148	2	12.11-12
149	10	12.13-21
150	5	12.22-31
151	10	12.32
152	2	12.33A
153	5	12.33B-34
154	10	12.35-36
155	5	12.37-38
156	2	12.39-40
157	5	12.41-44
158	5	12.45-46
159	10	12.47-48
160	5	12.49-53
161	5	12.54-56
162	5	12.58-59
163	10	13.1-5
164	10	13.6-13
165	2	13.14-16
166	10	13.17
167	2	13.18-19
168	5	13.20-21
169	2	13.22
170	5	13.23-24
171	5	13.25-28A
172	5	13.28B-29
173	2	13.3
174	10	13.31-33
175	5	13.34-35
176	10	14.1-4
177	2	14.5-6
178	10	14.7-10
179	5	14.11
180	10	14.12-15
181	5	14.16-24
182	5	14.25-27
183	10	14.28-32
184	5	14.33
185	2	14.34
186	2	15.1-2
187	5	15.3-7
188	10	15.8-9
189	5	15.1
190	10	15.11-16.12
191	5	16.13
192	10	16.14-15
193	5	16.16
194	5	16.17
195	2	16.18
196	10	16.19-31
197	2	17.1-2
198	5	17.3AB
199	5	17.3C-4
200	5	17.5-6
201	10	17.7-19
202	5	17.20-21
203	10	17.22
204	2	17.23
205	5	17.24
206	2	17.25
207	5	17.26-27
208	10	17.28-30
209	2	17.31
210	10	17.32
211	3	17.33
212	5	17.34-35 (+36, in note)
213	5	17.37
214	10	18.1-14A
215	5	18.14B
216	2	18.15-16
217	2	18.17
218	2	18.18-21
219	2	18.22
220	2	18.23-28
221	2	18.29-30
222	2	18.31-33
223	10	18.34
224	2	18.35-43
225	10	19.1-9
226	5	19.1
227	10	19.11
228	2	19.12
229	5	19.13-25
230	2	19.26
231	5	19.27
232	2	19.28-31
233	2	19.32-36
234	1	19.37-38
235	5	19.39-40
236	10	19.41-44A
237	2	19.44BC
238	1	19.45-46
239	1	19.47-48
240	2	20.1-8
241	2	20.9-18
242	1	20.19
243	2	20.20-39
244	2	20.4
245	2	20.41-44
246	2	20.45-46
247	8	20.47-21.4
248	2	21.5-6
249	2	21.7-11
250	1	21.12-13
251	2	21.14-19
252	10	21.2
253	2	21.21-22
254	2	21.23A
255	2	21.23B
256	10	21.24
257	2	21.25-26
258	2	21.27-33
259	10	21.34-38
260	1	22.1
261	1	22.2
262	9	22.3
263	2	22.4-13
264	10	22.14-15
265	2	22.16-18
266	1	22.19
267	2	22.2
268	2	22.21-22
269	1	22.23
270	2	22.24-26
271	10	22.27-30A
272	5	22.30B
273	10	22.31-32A
274	9	22.32B
275	1	22.33-34
276	10	22.35-36
277	8	22.37
278	10	22.38
279	1	22.39
280	2	22.4
281	1	22.41
282	1	22.42
283	10	22.43-44
284	2	22.45-46
285	1	22.47A
286	2	22.47B-48
287	1	22.49-50
288	10	22.51
289	1	22.52-53
290	1	22.54A
291	1	22.54B-57
292	1	22.58-61A
293	2	22.61B-62
294	1	22.63-65
295	2	22.66-67A
296	10	22.67B-68
297	1	22.69
298	10	22.7
299	2	22.71
300	1	23.1
301	10	23.2
302	1	23.3
303	9	23.4
304	10	23.5-9
305	2	23.1
306	10	23.11-12
307	9	23.13-14
308	10	23.15-16
309	2	23.17 (in note)
310	1	23.18-19
311	1	23.20-21
312	9	23.22
313	1	23.23
314	1	23.24-25
315	1	23.26
316	10	23.27
317	1	23.32
318	1	23.33A
319	1	23.33B
320	10	23.34A
321	1	23.34B-35A
322	2	23.35B
323	2	23.36-37
324	1	23.38
325	2	23.39
326	10	23.40-43
327	2	23.44-45A
328	2	23.45B
329	1	23.46
330	2	23.47
331	10	23.48-49
332	1	23.50-52
333	1	23.53
334	10	23.54-55
335	8	23.56
336	1	24.1-4
337	2	24.5-8
338	2	24.9
339	10	24.10-35
340	9	24.36-40
341	9	24.41-43
342	10	24.44-53