1	3	1.1-16
2	10	1.17
3	5	1.18
4	10	1.19-2.4
5	7	2.5-6
6	1	2.7-23
7	3	3.1-2
8	1	3.3
9	6	3.4-6
10	5	3.7-10
11	1	3.11
12	5	3.12
13	10	3.13-15
14	1	3.16-17
15	2	4.1
16	5	4.2-10
17	6	4.11
18	4	4.12
19	7	4.13-16
20	6	4.17-18
21	2	4.19-20
22	6	4.21-22
23	1	4.23-25
24	10	5.1
25	5	5.2-3
27	5	5.4
26	10	5.5
28	5	5.6
29	10	5.7-10
30	5	5.11-12
31	2	5.13
32	2	5.14-16
33	10	5.17
34	5	5.18
35	10	5.19-24
36	5	5.25
37	10	5.27-39A
38	5	5.39B-40
39	10	5.41-43
40	5	5.44-45
41	5	5.46-48
42	10	6.1-6
43	5	6.7-13
44	6	6.14-15
45	10	6.16-19
46	5	6.20-21
47	5	6.22-23
48	5	6.24
49	5	6.25-34
50	2	7.1-2
51	5	7.3-5
52	10	7.6
53	5	7.7-11
54	5	7.12
55	5	7.13-14
56	10	7.15-16A
57	5	7.16B
58	5	7.17-20
59	3	7.21
60	5	7.22-23
61	5	7.24-27
62	2	7.28-29
63	2	8.1-4
64	3	8.5-10
65	5	8.11-12
66	5	8.13
67	2	8.14-18
68	5	8.19-22
69	2	8.23-34
70	1	9.1-8
71	2	9.9
72	2	9.10-11
73	2	9.12-17
74	2	9.18-26
75	10	9.27-34
76	2	9.35
77	6	9.36
78	5	9.37
79	2	10.1
80	2	10.2-4
81	10	10.5-6
82	2	10.7-10
83	2	10.11
84	5	10.12-13
85	2	10.14-15
86	5	10.16
87	1	10.17-18
88	2	10.19-22
89	10	10.23
90	3	10.24-25A
91	10	10.25B-26A
92	2	10.26B
93	5	10.27-32
94	2	10.33
95	5	10.34-36
96	5	10.37-38
97	3	10.39
98	1	10.4
99	10	10.41
100	6	10.42
101	10	11.1
102	5	11.2-9
103	2	11.1
104	5	11.11
105	5	11.12-13
106	10	11.14-15
107	5	11.16-19
108	5	11.20-23B
109	10	11.23C-24
110	5	11.25-26
111	3	11.27A
112	3	11.27B
113	10	11.28-30
114	2	12.1-4
115	10	12.5-8
116	2	12.9-13
117	4	12.14
118	10	12.15-21
119	5	12.22
120	7	12.23
121	2	12.24
122	2	12.25-30
123	2	12.31-32
124	1	12.33-34
125	5	12.35
126	10	12.36-37
127	5	12.38
128	5	12.39-42
129	5	12.43-45
130	2	12.46-50
131	2	13.1-11
132	5	13.12
133	1	13.13-15
134	5	13.16-17
135	2	13.18-23
136	10	13.24-30
137	2	13.31-32
138	5	13.33
139	6	13.34-35
140	10	13.36-53
141	1	13.54-56
142	1	13.57-58
143	2	14.1-2
144	2	14.3-5
145	6	14.6-12
146	3	14.13-14
147	1	14.15-21
148	6	14.22
149	2	14.23A
150	4	14.23B-27
151	10	14.28-31
152	6	14.32-34
153	2	14.35-36
154	6	15.1-11
155	10	15.12-13
156	5	15.14
157	6	15.15-23
158	5	15.24
159	6	15.25-28
160	6	15.29-39
161	4	16.1
162	5	16.2-3
163	6	16.4
164	2	16.5-6
165	6	16.7-12
166	1	16.13-16
167	10	16.17-19
168	2	16.20-21
169	6	16.22-23
170	2	16.24-26
171	10	16.27
172	2	16.28-17.9
173	6	17.10-13
174	2	17.14-18
175	5	17.19-21
176	2	17.22-23
177	10	17.24-27
178	2	18.1-5
179	2	18.6-7
180	6	18.8-9
181	10	18.10 (-11, in note)
182	5	18.12-14
183	5	18.15
184	10	18.16-17
185	7	18.18
186	10	18.19-20
187	5	18.21-22
188	10	18.23-35
189	6	19.1-8
190	2	19.9
191	10	19.10-12
192	2	19.13-15
193	2	19.16-20
194	2	19.21
195	2	19.22-27
196	10	19.28A
197	5	19.28B
198	2	19.29
199	2	19.3
200	10	20.1-16
201	2	20.17-19
202	6	20.20-23
203	2	20.24-27
204	4	20.28
205	2	20.29-34
206	2	21.1-3
207	7	21.4-5
208	2	21.6-8
209	1	21.9
210	10	21.10-11
211	1	21.12-13
212	10	21.14
213	5	21.15-16
214	6	21.17-20
215	6	21.21
216	4	21.22
217	2	21.23-27
218	10	21.28-32
219	2	21.33-44
220	1	21.45-46
221	5	22.1-10
222	10	22.11-14
223	2	22.15-33
224	6	22.34-40
225	2	22.41-45
226	2	22.46
227	10	23.1-3
228	5	23.4
229	2	23.5-7
230	10	23.8-11
231	5	23.12
232	5	23.13 (-14, in note)
233	10	23.15-22
234	5	23.23
235	10	23.24
236	5	23.25-26
237	5	23.27-28
238	5	23.29-32
239	10	23.33
240	5	23.34-36
241	5	23.37-39
242	2	24.1-2
243	2	24.3-8
244	1	24.9
245	10	24.10-13
246	6	24.14
247	6	24.15-16
248	2	24.17-18
249	2	24.19
250	6	24.2
251	2	24.21
252	6	24.22
253	2	24.23
254	6	24.24
255	5	24.25-26
256	5	24.27
257	5	24.28
258	2	24.29-30A
259	2	24.30B-35
260	6	24.36
261	5	24.37-39
262	5	24.40-41
263	6	24.42
264	2	24.43-44
265	5	24.45
266	5	24.46-47
267	5	24.48-51
268	10	25.1-13
269	2	25.14
270	5	25.15-28
271	2	25.29
272	5	25.3
273	10	25.31-26.1
274	1	26.2
275	6	26.3-5
276	1	26.6-11
277	4	26.12-13
278	2	26.14-19
279	4	26.20-21
280	1	26.22
281	2	26.23-24A
282	6	26.24B
283	10	26.25
284	1	26.26
285	2	26.27-29
286	6	26.3
287	4	26.31A
288	6	26.31B-32
289	1	26.33-34
290	6	26.35
291	1	26.36A
292	6	26.36B-37
293	4	26.38
294	1	26.39AB
295	1	26.39C
296	2	26.40-41A
297	4	26.41B
298	6	26.42-44
299	4	26.45-46
300	1	26.47
301	2	26.48-50
302	1	26.51-52A
303	10	26.52B-54
304	1	26.55
305	6	26.56
306	1	26.57
307	4	26.58
308	2	26.59-60A
309	6	26.60B-64A
310	1	26.64B
311	6	26.65A
312	2	26.65B-66
313	1	26.67-68
314	1	26.69-70
315	1	26.71-74
316	2	26.75
317	2	27.1
318	1	27.2
319	10	27.3-10
320	1	27.11
321	4	27.12-14
322	2	27.15
323	4	27.16-18
324	10	27.19
325	1	27.20-21
326	1	27.22-23
327	10	27.24-25
328	1	27.26
329	4	27.27-29
330	6	27.30-31
331	1	27.32
332	1	27.33
333	4	27.34
334	1	27.35-36
335	1	27.37
336	1	27.38
337	6	27.39-40
338	2	27.41-43
339	2	27.44
340	2	27.45
341	6	27.46-47
342	2	27.48-49
343	1	27.5
344	2	27.51A
345	10	27.51B-53
346	2	27.54
347	6	27.55-56
348	1	27.57-58
349	1	27.59-60
350	6	27.61
351	10	27.62-66
352	1	28.1-4
353	2	28.5-7
354	2	28.8
355	10	28.9-20