1	2	1.1-2
2	1	1.3
3	6	1.4-7A
4	1	1.7B-8
5	1	1.9-11
6	2	1.12-13B
7	6	1.13C
8	4	1.14A
9	6	1.14B-16
10	2	1.17-18
11	6	1.19-20
12	8	1.21
13	2	1.22
14	8	1.23-28
15	2	1.29-34A
16	8	1.34BC
17	8	1.35-39
18	2	1.40-44
19	10	1.45
20	1	2.1-12
21	2	2.13-14
22	2	2.15-16
23	2	2.17-22
24	2	2.23-26
25	2	2.27-3.5
26	4	3.6-7A
27	1	3.7B-11A
28	8	3.11B-12
29	2	3.13-16A
30	2	3.16B-19
31	10	3.20-21
32	2	3.22
33	2	3.23-27
34	2	3.28-30
35	2	3.31-35
36	2	4.1-11B
37	1	4.11C-13
38	2	4.14-20
39	2	4.21
40	2	4.22-23
41	2	4.24
42	2	4.25
43	10	4.26-29
44	2	4.30-32
45	6	4.33-34A
46	10	4.34B
47	2	4.35-5.17
48	8	5.18-20
49	2	5.21-43
50	1	6.1-3
51	1	6.4-6A
52	2	6.6B
53	2	6.7-9
54	2	6.1
55	2	6.11
56	8	6.12-13
57	2	6.14
58	10	6.15-16
59	2	6.17
60	6	6.18-29
61	8	6.3
62	10	6.31
63	6	6.32-34
64	1	6.35-44
65	6	6.45
66	2	6.46
67	4	6.47-50
68	6	6.51-53
69	2	6.54-56
70	10	7.1-4
71	6	7.5-16
72	6	7.17-26A
73	6	7.26B-30
74	10	7.31-36A
75	8	7.36B-37A
76	6	7.37B-8.10
77	4	8.11
78	6	8.12-14
79	2	8.15
80	6	8.16-21
81	10	8.22-26
82	1	8.27-29A
83	2	8.29B-32A
84	6	8.32B-33
85	2	8.34-37
86	2	8.38
87	2	9.1-9
88	10	9.1
89	6	9.11-13
90	10	9.14-16
91	2	9.17-27
92	10	9.28-29
93	2	9.30-32
94	10	9.33
95	2	9.34-37A
96	1	9.37B
97	8	9.38-40
98	6	9.41
99	2	9.42
100	6	9.43-47
101	10	9.49
102	2	9.5
103	6	10.1-9
104	10	10.1
105	2	10.11-12
106	2	10.13-16
107	2	10.17-21A
108	2	10.21B
109	2	10.22-28
110	2	10.29-30
111	2	10.31
112	2	10.32-34
113	6	10.35-40
114	2	10.41-44
115	4	10.45
116	2	10.46-52
117	2	11.1-3
118	2	11.4-8
119	1	11.9-10
120	6	11.11-15A
121	1	11.15B-17
122	1	11.18
123	10	11.19-21
124	6	11.22-23
125	4	11.24
126	6	11.25 (-26, in note)
127	2	11.27-33
128	2	12.1-11
129	1	12.12
130	2	12.13-27
131	6	12.28-31
132	10	12.32-34A
133	2	12.34B
134	2	12.35-37
135	2	12.38-39
136	8	12.40-44
137	2	13.1-2
138	2	13.3-8
139	1	13.9
140	6	13.1
141	2	13.11-13
142	6	13.14A
143	2	13.14B-16
144	2	13.17
145	6	13.18
146	2	13.19
147	6	13.2
148	2	13.21
149	6	13.22-23
150	2	13.24-25
151	2	13.26-31
152	6	13.32
153	6	13.33
154	2	13.34
155	2	13.35-37
156	1	14.1A
157	6	14.1B-2
158	1	14.3-7
159	4	14.8-9
160	2	14.10-16
161	4	14.17-18
162	1	14.19
163	2	14.20-21A
164	6	14.21B
165	1	14.22
166	2	14.23-25
167	6	14.26-27A
168	4	14.27B
169	6	14.27C-28
170	1	14.29-30
171	6	14.31
172	1	14.32A
173	6	14.32B-33
174	4	14.34
175	1	14.35-36B
176	1	14.36C
177	2	14.37-38A
178	4	14.38B
179	6	14.39-40
180	4	14.41-42
181	1	14.43
182	2	14.44-46
183	1	14.47
184	1	14.48-49A
185	6	14.49B-50
186	10	14.51-52
187	1	14.53
188	4	14.54
189	2	14.55-56
190	6	14.57-61
191	1	14.62
192	6	14.63A
193	2	14.63B-64
194	1	14.65
195	1	14.66-68A
196	1	14.68B-72A
197	2	14.72BC
198	2	15.1A
199	1	15.1B
200	1	15.2
201	4	15.3-5
202	2	15.6
203	4	15.7-10
204	1	15.11
205	1	15.12-14
206	1	15.15
207	4	15.16-19
208	6	15.2
209	1	15.21
210	1	15.22
211	4	15.23
212	1	15.24
213	10	15.25
214	1	15.26
215	1	15.27
216	8	15.28 (in note)
217	6	15.29-30
218	2	15.31-32A
219	2	15.32B
220	2	15.33
221	6	15.34-35
222	2	15.36
223	1	15.37
224	2	15.38
225	2	15.39
226	6	15.40-41
227	1	15.42-45
228	1	15.46
229	6	15.47
230	8	16.1
231	1	16.2-5
232	2	16.6-7
233	2	16.8
234		16.9
235		16.10-11
236		16.12-13
237		16.14
238		16.15-16
239		16.17-18
240		16.19
241		16.20